store = {'games': {}, 'boards': {}, 'players': {}, 'squares': {}, 'turns': {}}

# row and column mapping with id_num of square
row_ids = [[1, 2, 3, 10, 11, 12, 19, 20, 21], [4, 5, 6, 13, 14, 15, 22, 23, 24], [7, 8, 9, 16, 17, 18, 25, 26, 27], [28, 29, 30, 37, 38, 39, 46, 47, 48], [31, 32, 33, 40, 41, 42, 49, 50, 51], [34, 35, 36, 43, 44, 45, 52, 53, 54], [55, 56, 57, 64, 65, 66, 73, 74, 75], [58, 59, 60, 67, 68, 69, 76, 77, 78], [61, 62, 63, 70, 71, 72, 79, 80, 81]]
column_ids = [[1, 4, 7, 28, 31, 34, 55, 58, 61], [2, 5, 8, 29, 32, 35, 56, 59, 62], [3, 6, 9, 30, 33, 36, 57, 60, 63], [10, 13, 16, 37, 40, 43, 64, 67, 70], [11, 14, 17, 38, 41, 44, 65, 68, 71], [12, 15, 18, 39, 42, 45, 66, 69, 72], [19, 22, 25, 46, 49, 52, 73, 76, 79], [20, 23, 26, 47, 50, 53, 74, 77, 80], [21, 24, 27, 48, 51, 54, 75, 78, 81]]

